sa 6 6 0 0
sa 13 13 0 0
sa 20 20 0 0
sa 26 26 0 0
sa 33 33 0 0
sa 40 40 0 0
sa 46 46 6 3
sa 53 53 13 16
sa 60 60 20 16
sa 66 66 30 30
sa 73 73 33 30
sa 80 80 36 36
sa 86 86 46 43
sa 93 93 43 43
sa 100 100 46 46
sa 106 106 56 53
sa 113 113 56 53
sa 120 120 56 56
sa 127 127 63 60
sa 127 127 66 66
sa 121 121 63 63
sa 114 114 63 60
sa 107 107 60 56
sa 101 101 56 53
sa 94 94 53 50
sa 87 87 46 46
sa 81 81 50 46
sa 74 74 46 43
sa 67 67 36 36
sa 61 61 30 30
sa 54 54 23 23
sa 47 47 20 20
sa 41 41 10 10
sa 34 34 3 3
sa 27 27 0 0
sa 21 21 0 0
sa 14 14 0 0
sa 7 7 0 0
sa 0 0 0 0
sa 0 0 0 0
sa -6 -6 0 0
sa -13 -13 0 0
sa -20 -20 0 0
sa -26 -26 0 0
sa -33 -33 0 0
sa -40 -40 0 -3
sa -46 -46 -3 0
sa -53 -53 0 -10
sa -60 -60 -13 -10
sa -66 -66 -20 -20
sa -73 -73 -26 -26
sa -80 -80 -33 -30
sa -86 -86 -36 -36
sa -93 -93 -43 -40
sa -100 -100 -46 -46
sa -106 -106 -56 -50
sa -113 -113 -56 -53
sa -120 -120 -60 -56
sa -127 -127 -66 -60
sa -127 -127 -70 -66
sa -121 -121 -70 -63
sa -114 -114 -63 -63
sa -107 -107 -63 -60
sa -101 -101 -56 -53
sa -94 -94 -50 -46
sa -87 -87 -46 -46
sa -81 -81 -43 -40
sa -74 -74 -40 -36
sa -67 -67 -33 -30
sa -61 -61 -30 -26
sa -54 -54 -20 -20
sa -47 -47 -13 -10
sa -41 -41 -6 -10
sa -34 -34 -3 0
sa -27 -27 0 0
sa -21 -21 0 0
sa -14 -14 0 0
sa -7 -7 0 0
sa 0 0 0 0
sa 0 0 0 0
sa 6 -6 0 0
sa 13 -13 0 0
sa 20 -20 0 0
sa 26 -26 0 0
sa 33 -33 0 0
sa 40 -40 0 0
sa 46 -46 3 0
sa 53 -53 13 0
sa 60 -60 20 -10
sa 66 -66 33 -23
sa 73 -73 40 -33
sa 80 -80 46 -40
sa 86 -86 46 -50
sa 93 -93 50 -56
sa 100 -100 53 -60
sa 106 -106 50 -66
sa 113 -113 53 -73
sa 120 -120 56 -80
sa 127 -127 56 -86
sa 127 -127 56 -86
sa 121 -121 53 -86
sa 114 -114 50 -83
sa 107 -107 50 -80
sa 101 -101 40 -73
sa 94 -94 43 -66
sa 87 -87 36 -66
sa 81 -81 36 -60
sa 74 -74 33 -56
sa 67 -67 30 -50
sa 61 -61 23 -43
sa 54 -54 23 -36
sa 47 -47 20 -30
sa 41 -41 13 -23
sa 34 -34 6 -10
sa 27 -27 0 -3
sa 21 -21 0 0
sa 14 -14 0 0
sa 7 -7 0 0
sa 0 0 0 0
sa 0 0 0 0
sa -6 6 0 0
sa -13 13 0 0
sa -20 20 0 0
sa -26 26 0 0
sa -33 33 0 0
sa -40 40 0 6
sa -46 46 0 6
sa -53 53 0 10
sa -60 60 0 16
sa -66 66 0 13
sa -73 73 -13 23
sa -80 80 -33 33
sa -86 86 -46 43
sa -93 93 -56 50
sa -100 100 -66 46
sa -106 106 -73 50
sa -113 113 -80 53
sa -120 120 -80 56
sa -127 127 -83 53
sa -127 127 -90 60
sa -121 121 -86 56
sa -114 114 -83 50
sa -107 107 -76 50
sa -101 101 -76 43
sa -94 94 -73 46
sa -87 87 -66 40
sa -81 81 -63 40
sa -74 74 -56 36
sa -67 67 -50 30
sa -61 61 -43 30
sa -54 54 -36 26
sa -47 47 -26 23
sa -41 41 -20 16
sa -34 34 -10 10
sa -27 27 -3 3
sa -21 21 0 0
sa -14 14 0 0
sa -7 7 0 0
sa 0 0 0 0

