sa -170 170 -86 74
sa 136 -221 36 -104
sa 102 34 41 16
sa -238 102 -120 35
sa -68 17 -47 0
sa 187 -102 75 -53
sa 204 187 93 105
sa -17 -102 -5 -55
sa -102 51 -55 10
sa 136 187 65 109
sa 255 17 132 20
sa -119 -255 -77 -144
sa 51 -170 9 -97
sa -187 170 -95 78
sa 17 -221 9 -118
sa -153 -17 -83 -29
sa -238 204 -130 96
sa 85 -170 6 -82
sa 204 -51 95 -33
sa 204 -221 89 -128
sa -119 -51 -65 -53
sa -119 17 -76 3
sa -170 51 -105 0
sa 17 -170 7 -94
sa -170 255 -85 127
sa -119 136 -88 65
sa 119 85 64 56
sa -153 -153 -84 -90
sa 119 170 55 97
sa -51 -255 -44 -139
sa 119 -119 43 -52
sa -187 170 -100 75
sa -221 204 -127 100
sa -204 -102 -122 -72
sa -238 255 -126 120
sa -221 -170 -134 -106
sa 102 34 44 18
sa -153 -170 -84 -99
sa 187 68 97 35
sa 187 0 119 13
sa -187 17 -90 0
sa -85 153 -66 74
sa -187 -136 -113 -82
sa -221 -238 -106 -108
sa 221 -221 90 -102
sa -170 17 -93 7
sa 221 170 113 95
sa -68 -17 -29 -3
sa -68 136 -43 72
sa 170 -102 77 -58
sa -136 -153 -75 -100
sa -102 170 -65 80
sa -187 221 -119 109
sa -255 -51 -153 -44
sa 68 51 32 23
sa -153 85 -85 33
sa -68 -170 -61 -98
sa -153 -34 -88 -43
sa -102 255 -63 124
sa -51 -255 -47 -155
sa -238 187 -121 82
sa 153 255 69 145
sa 204 187 103 126
sa 221 -34 122 -32
sa 0 34 4 2
sa 0 136 0 78
sa 204 170 113 111
sa 255 17 142 18
sa -102 -51 -41 -36
sa 153 -153 62 -84
sa 221 17 112 24
sa -153 68 -66 18
sa 17 0 6 7
sa -119 -85 -57 -44
sa 102 204 56 115
sa -102 -119 -57 -66
sa -221 136 -116 55
sa 204 204 103 118
sa -170 -119 -90 -69
sa -153 102 -90 34
sa 119 -187 29 -90
sa 204 153 105 84
sa -170 -85 -83 -58
sa -85 -187 -73 -115
sa -34 -85 -32 -58
sa -238 -51 -131 -51
sa 221 -68 97 -45
sa 102 204 57 119
sa 102 -136 45 -67
sa 119 -238 42 -134
sa -85 -119 -52 -76
sa -51 204 -36 107sa 102 34 46 19
sa -238 102 -124 40
sa -68 17 -51 1
sa 187 -102 86 -67
sa 204 187 99 94
sa -17 -102 -8 -54
sa -102 51 -41 23
sa 136 187 71 98
sa 255 17 141 14
sa -119 -255 -77 -148
sa 51 -170 1 -99
sa -187 170 -96 80
sa 17 -221 10 -118
sa -153 -17 -84 -28
sa -238 204 -127 101
sa 85 -170 2 -83
sa 204 -51 98 -25
sa 204 -221 96 -116
sa -119 -51 -62 -50
sa -119 17 -75 1
sa -170 51 -108 0
sa 17 -170 6 -93
sa -170 255 -89 135
sa -119 136 -91 68
sa 119 85 62 60
sa -51 -255 -38 -134
sa -153 17 -83 5
sa -221 -34 -129 -31
sa -170 221 -96 114
sa 119 -119 46 -57
sa -187 170 -98 83
sa -221 204 -129 109
sa -204 -102 -125 -73
sa -238 255 -128 132
sa -221 -170 -136 -110
sa 102 34 46 17
sa -153 -170 -87 -101
sa 187 68 100 36
sa 187 0 122 4
sa -187 17 -88 3
sa -85 153 -58 83
