sa 0 0 0 0
sa 6 6 0 0
sa 13 13 0 0
sa 20 20 0 0
sa 26 26 0 0
sa 33 33 0 0
sa 40 40 0 0
sa 46 46 0 0
sa 53 53 3 3
sa 60 60 13 10
sa 66 66 20 16
sa 73 73 33 23
sa 80 80 36 26
sa 86 86 40 33
sa 93 93 46 33
sa 100 100 46 36
sa 106 106 50 40
sa 113 113 53 43
sa 120 120 56 43
sa 127 127 56 43
sa 127 127 60 50
sa 121 121 60 46
sa 114 114 56 46
sa 107 107 56 43
sa 101 101 53 43
sa 94 94 50 40
sa 87 87 46 36
sa 81 81 46 36
sa 74 74 40 33
sa 67 67 40 30
sa 61 61 33 26
sa 54 54 33 26
sa 47 47 30 23
sa 41 41 23 20
sa 34 34 20 13
sa 27 27 13 10
sa 21 21 10 6
sa 14 14 3 3
sa 7 7 0 0
sa 0 0 0 0
sa 0 0 0 0
sa -6 -6 0 0
sa -13 -13 0 0
sa -20 -20 0 0
sa -26 -26 0 0
sa -33 -33 0 0
sa -40 -40 0 0
sa -46 -46 0 -3
sa -53 -53 0 -3
sa -60 -60 -6 -10
sa -66 -66 -13 -10
sa -73 -73 -13 -16
sa -80 -80 -20 -16
sa -86 -86 -23 -20
sa -93 -93 -26 -26
sa -100 -100 -33 -30
sa -106 -106 -36 -33
sa -113 -113 -36 -36
sa -120 -120 -40 -36
sa -127 -127 -43 -43
sa -127 -127 -46 -40
sa -121 -121 -46 -46
sa -114 -114 -46 -40
sa -107 -107 -40 -40
sa -101 -101 -36 -36
sa -94 -94 -36 -33
sa -87 -87 -33 -30
sa -81 -81 -30 -30
sa -74 -74 -26 -23
sa -67 -67 -20 -20
sa -61 -61 -20 -16
sa -54 -54 -13 -16
sa -47 -47 -13 -13
sa -41 -41 -6 -10
sa -34 -34 -6 -10
sa -27 -27 -3 -3
sa -21 -21 0 0
sa -14 -14 0 0
sa -7 -7 0 0
sa 0 0 0 0
sa 0 0 0 0
sa 6 -6 0 0
sa 13 -13 0 0
sa 20 -20 0 0
sa 26 -26 0 0
sa 33 -33 0 0
sa 40 -40 0 0
sa 46 -46 3 0
sa 53 -53 0 0
sa 60 -60 3 0
sa 66 -66 10 0
sa 73 -73 6 -3
sa 80 -80 13 -13
sa 86 -86 16 -13
sa 93 -93 20 -20
sa 100 -100 23 -23
sa 106 -106 26 -30
sa 113 -113 30 -30
sa 120 -120 26 -33
sa 127 -127 33 -40
sa 127 -127 33 -40
sa 121 -121 33 -36
sa 114 -114 30 -40
sa 107 -107 30 -36
sa 101 -101 26 -33
sa 94 -94 26 -26
sa 87 -87 20 -26
sa 81 -81 16 -20
sa 74 -74 20 -20
sa 67 -67 16 -20
sa 61 -61 10 -13
sa 54 -54 13 -10
sa 47 -47 10 -13
sa 41 -41 10 -13
sa 34 -34 10 -6
sa 27 -27 3 -6
sa 21 -21 0 0
sa 14 -14 0 0
sa 7 -7 0 0
sa 0 0 0 0
sa 0 0 0 0
sa -6 6 0 0
sa -13 13 0 0
sa -20 20 0 0
sa -26 26 0 0
sa -33 33 0 0
sa -40 40 0 3
sa -46 46 0 6
sa -53 53 -3 3
sa -60 60 -13 6
sa -66 66 -16 10
sa -73 73 -20 13
sa -80 80 -26 13
sa -86 86 -33 20
sa -93 93 -36 20
sa -100 100 -40 26
sa -106 106 -43 30
sa -113 113 -46 33
sa -120 120 -50 36
sa -127 127 -53 40
sa -127 127 -46 43
sa -121 121 -43 43
sa -114 114 -46 40
sa -107 107 -46 36
sa -101 101 -40 40
sa -94 94 -43 33
sa -87 87 -40 36
sa -81 81 -33 33
sa -74 74 -33 30
sa -67 67 -30 30
sa -61 61 -26 26
sa -54 54 -23 23
sa -47 47 -20 20
sa -41 41 -16 16
sa -34 34 -10 10
sa -27 27 -6 6
sa -21 21 0 0
sa -14 14 0 0
sa -7 7 0 0
sa 0 0 0 0
